1
Chuck
10 10 10 10 10 10 10 10 10 10 10 10
2
GutterMan
Phil
0 0 6 3 0 0 8 2 0 0 7 3 0 0 8 1 0 0 9 1 0 0 9 0 0 0 8 2 0 1 10 0 0 9 1 0 2 8 2 7
6
NineSpare
EightSpare
SevenSpare
SixSpare
FiveSpare
FourSpare
9 1 8 2 7 3 6 4 5 5 4 6 9 1 8 02 7 3 6 4 5 5 4 6 9 1 8 2 7 3 6 4 5 5 4 6 09 1 8 2 7 3 6 4 5 5 4 6 9 1 8 2 7 3 6 4 5 05 4 6 9 1 8 2 7 3 6 4 5 5 4 6 9 1 8 2 7 3 6 4 5 5 4 6 9 1 8 2 7 3 6 04 5 5 4 6 9 1 8 2 7 3 6 4 5 5 04 6 9 1 9 8 2 8 7 3 7 6 4 6 5 5 5 4 6 4
3
ThirtyCharactersaaaaaaaaaaaaaa
AlmostPerfect
NotSoPerfect
1 2 10 1 1 3 4 10 1 1 5 05 010 1 1 4 3 10 1 1 2 1 10 1 1 9 1 10 1 1 8 2 10 1 1 4 6 10 1 1 4 5 10 1 1 8 2 10 10 10 9 1 1
6
ArthurDent
Fenchurch
Zaphod
Marvin
FordPerfect
WonkoTheSane
0 0 1 1 2 2 3 3 4 4 5 5 05 5 4 4 3 3 2 2 1 1 0 0 00 0 1 1 2 2 3 3 4 04 5 5 5 05 4 4 3 3 2 2 1 1 0 0 0 0 1 1 2 2 3 3 4 4 5 5 5 5 4 4 3 3 2 2 1 1 0 0 00 0 01 1 2 2 3 3 4 4 5 5 05 5 4 4 3 3 2 2 1 1 0 0 2 3 2 1 3 5 4 3 5 05 7 2 1 1 2 2 3 6 4 4 5 5 6 4 1
2
z
one
0 00 0 0 0 0 0 0 0 0 0 0 0 0 00 0 0 0 0 0 0 0 0 000 0 0 0 0 0 0 0 0 0000 0 0 0 0 0 0 1
2
Michael
Missy
6 3 6 3 8 2 8 2 7 3 7 3 8 1 8 1 9 1 9 1 9 0 9 0 8 2 8 1 10 10 8 1 8 2 8 2 8 1 7
2
Adam
Nick
7 0 0 0 7 3 7 1 1 5 6 0 7 3 8 2 8 0 9 1 8 2 8 0 9 1 8 0 8 2 9 0 7 3 9 1 5 4 8 2 8
4
John
Mo
Player
Loser
10 10 8 0 8 1 8 2 6 4 7 1 9 0 8 0 8 1 7 2 10 4 6 9 0 8 2 10 8 0 7 0 7 3 8 0 0 8 7 1 8 2 10 8 0 8 0 8 2 9 1 8 1 9 1 8 2 8 2 7 2 10 7 2 7 0 10 9 0 8 1 8 2 8 10 10 10
2
Bob
Tim
8 0 9 0 10 3 3 8 0 9 0 9 0 0 0 0 10 8 0 8 0 7 0 0 8 8 0 9 0 8 0 8 0 8 0 10 9 0 8 0
0
1 2 3
BLAH BLAH BLAH
