1126
0.0 0.0
0.0 76.5
-200.0 -200.0
-200.0 200.0
200.0 200.0
200.0 -200.0
2.0 0.0
1.9 0.6
1.6 1.2
1.2 1.6
0.6 1.9
0.0 2.0
-0.6 1.9
-1.2 1.6
-1.6 1.2
-1.9 0.6
-2.0 0.0
-1.9 -0.6
-1.6 -1.2
-1.2 -1.6
-0.6 -1.9
-0.0 -2.0
0.6 -1.9
1.2 -1.6
1.6 -1.2
1.9 -0.6
5.0 0.0
4.8 1.5
4.0 2.9
2.9 4.0
1.5 4.8
0.0 5.0
-1.5 4.8
-2.9 4.0
-4.0 2.9
-4.8 1.5
-5.0 0.0
-4.8 -1.5
-4.0 -2.9
-2.9 -4.0
-1.5 -4.8
-0.0 -5.0
1.5 -4.8
2.9 -4.0
4.0 -2.9
4.8 -1.5
8.0 0.0
7.6 2.5
6.5 4.7
4.7 6.5
2.5 7.6
0.0 8.0
-2.5 7.6
-4.7 6.5
-6.5 4.7
-7.6 2.5
-8.0 0.0
-7.6 -2.5
-6.5 -4.7
-4.7 -6.5
-2.5 -7.6
-0.0 -8.0
2.5 -7.6
4.7 -6.5
6.5 -4.7
7.6 -2.5
9.0 0.0
8.6 2.8
7.3 5.3
5.3 7.3
2.8 8.6
0.0 9.0
-2.8 8.6
-5.3 7.3
-7.3 5.3
-8.6 2.8
-9.0 0.0
-8.6 -2.8
-7.3 -5.3
-5.3 -7.3
-2.8 -8.6
-0.0 -9.0
2.8 -8.6
5.3 -7.3
7.3 -5.3
8.6 -2.8
10.0 0.0
9.5 3.1
8.1 5.9
5.9 8.1
3.1 9.5
0.0 10.0
-3.1 9.5
-5.9 8.1
-8.1 5.9
-9.5 3.1
-10.0 0.0
-9.5 -3.1
-8.1 -5.9
-5.9 -8.1
-3.1 -9.5
-0.0 -10.0
3.1 -9.5
5.9 -8.1
8.1 -5.9
9.5 -3.1
15.0 0.0
14.3 4.6
12.1 8.8
8.8 12.1
4.6 14.3
0.0 15.0
-4.6 14.3
-8.8 12.1
-12.1 8.8
-14.3 4.6
-15.0 0.0
-14.3 -4.6
-12.1 -8.8
-8.8 -12.1
-4.6 -14.3
-0.0 -15.0
4.6 -14.3
8.8 -12.1
12.1 -8.8
14.3 -4.6
20.0 0.0
19.0 6.2
16.2 11.8
11.8 16.2
6.2 19.0
0.0 20.0
-6.2 19.0
-11.8 16.2
-16.2 11.8
-19.0 6.2
-20.0 0.0
-19.0 -6.2
-16.2 -11.8
-11.8 -16.2
-6.2 -19.0
-0.0 -20.0
6.2 -19.0
11.8 -16.2
16.2 -11.8
19.0 -6.2
35.0 0.0
33.3 10.8
28.3 20.6
20.6 28.3
10.8 33.3
0.0 35.0
-10.8 33.3
-20.6 28.3
-28.3 20.6
-33.3 10.8
-35.0 0.0
-33.3 -10.8
-28.3 -20.6
-20.6 -28.3
-10.8 -33.3
-0.0 -35.0
10.8 -33.3
20.6 -28.3
28.3 -20.6
33.3 -10.8
30.0 0.0
28.5 9.3
24.3 17.6
17.6 24.3
9.3 28.5
0.0 30.0
-9.3 28.5
-17.6 24.3
-24.3 17.6
-28.5 9.3
-30.0 0.0
-28.5 -9.3
-24.3 -17.6
-17.6 -24.3
-9.3 -28.5
-0.0 -30.0
9.3 -28.5
17.6 -24.3
24.3 -17.6
28.5 -9.3
32.0 0.0
30.4 9.9
25.9 18.8
18.8 25.9
9.9 30.4
0.0 32.0
-9.9 30.4
-18.8 25.9
-25.9 18.8
-30.4 9.9
-32.0 0.0
-30.4 -9.9
-25.9 -18.8
-18.8 -25.9
-9.9 -30.4
-0.0 -32.0
9.9 -30.4
18.8 -25.9
25.9 -18.8
30.4 -9.9
37.0 0.0
35.2 11.4
29.9 21.7
21.7 29.9
11.4 35.2
0.0 37.0
-11.4 35.2
-21.7 29.9
-29.9 21.7
-35.2 11.4
-37.0 0.0
-35.2 -11.4
-29.9 -21.7
-21.7 -29.9
-11.4 -35.2
-0.0 -37.0
11.4 -35.2
21.7 -29.9
29.9 -21.7
35.2 -11.4
48.0 0.0
45.7 14.8
38.8 28.2
28.2 38.8
14.8 45.7
0.0 48.0
-14.8 45.7
-28.2 38.8
-38.8 28.2
-45.7 14.8
-48.0 0.0
-45.7 -14.8
-38.8 -28.2
-28.2 -38.8
-14.8 -45.7
-0.0 -48.0
14.8 -45.7
28.2 -38.8
38.8 -28.2
45.7 -14.8
60.0 0.0
57.1 18.5
48.5 35.3
35.3 48.5
18.5 57.1
0.0 60.0
-18.5 57.1
-35.3 48.5
-48.5 35.3
-57.1 18.5
-60.0 0.0
-57.1 -18.5
-48.5 -35.3
-35.3 -48.5
-18.5 -57.1
-0.0 -60.0
18.5 -57.1
35.3 -48.5
48.5 -35.3
57.1 -18.5
70.0 0.0
66.6 21.6
56.6 41.1
41.1 56.6
21.6 66.6
0.0 70.0
-21.6 66.6
-41.1 56.6
-56.6 41.1
-66.6 21.6
-70.0 0.0
-66.6 -21.6
-56.6 -41.1
-41.1 -56.6
-21.6 -66.6
-0.0 -70.0
21.6 -66.6
41.1 -56.6
56.6 -41.1
66.6 -21.6
80.0 0.0
76.1 24.7
64.7 47.0
47.0 64.7
24.7 76.1
0.0 80.0
-24.7 76.1
-47.0 64.7
-64.7 47.0
-76.1 24.7
-80.0 0.0
-76.1 -24.7
-64.7 -47.0
-47.0 -64.7
-24.7 -76.1
-0.0 -80.0
24.7 -76.1
47.0 -64.7
64.7 -47.0
76.1 -24.7
90.0 0.0
85.6 27.8
72.8 52.9
52.9 72.8
27.8 85.6
0.0 90.0
-27.8 85.6
-52.9 72.8
-72.8 52.9
-85.6 27.8
-90.0 0.0
-85.6 -27.8
-72.8 -52.9
-52.9 -72.8
-27.8 -85.6
-0.0 -90.0
27.8 -85.6
52.9 -72.8
72.8 -52.9
85.6 -27.8
98.0 0.0
93.2 30.3
79.3 57.6
57.6 79.3
30.3 93.2
0.0 98.0
-30.3 93.2
-57.6 79.3
-79.3 57.6
-93.2 30.3
-98.0 0.0
-93.2 -30.3
-79.3 -57.6
-57.6 -79.3
-30.3 -93.2
-0.0 -98.0
30.3 -93.2
57.6 -79.3
79.3 -57.6
93.2 -30.3
100.0 0.0
95.1 30.9
80.9 58.8
58.8 80.9
30.9 95.1
0.0 100.0
-30.9 95.1
-58.8 80.9
-80.9 58.8
-95.1 30.9
-100.0 0.0
-95.1 -30.9
-80.9 -58.8
-58.8 -80.9
-30.9 -95.1
-0.0 -100.0
30.9 -95.1
58.8 -80.9
80.9 -58.8
95.1 -30.9
106.0 0.0
100.8 32.8
85.8 62.3
62.3 85.8
32.8 100.8
0.0 106.0
-32.8 100.8
-62.3 85.8
-85.8 62.3
-100.8 32.8
-106.0 0.0
-100.8 -32.8
-85.8 -62.3
-62.3 -85.8
-32.8 -100.8
-0.0 -106.0
32.8 -100.8
62.3 -85.8
85.8 -62.3
100.8 -32.8
109.0 0.0
103.7 33.7
88.2 64.1
64.1 88.2
33.7 103.7
0.0 109.0
-33.7 103.7
-64.1 88.2
-88.2 64.1
-103.7 33.7
-109.0 0.0
-103.7 -33.7
-88.2 -64.1
-64.1 -88.2
-33.7 -103.7
-0.0 -109.0
33.7 -103.7
64.1 -88.2
88.2 -64.1
103.7 -33.7
110.0 0.0
104.6 34.0
89.0 64.7
64.7 89.0
34.0 104.6
0.0 110.0
-34.0 104.6
-64.7 89.0
-89.0 64.7
-104.6 34.0
-110.0 0.0
-104.6 -34.0
-89.0 -64.7
-64.7 -89.0
-34.0 -104.6
-0.0 -110.0
34.0 -104.6
64.7 -89.0
89.0 -64.7
104.6 -34.0
120.0 0.0
114.1 37.1
97.1 70.5
70.5 97.1
37.1 114.1
0.0 120.0
-37.1 114.1
-70.5 97.1
-97.1 70.5
-114.1 37.1
-120.0 0.0
-114.1 -37.1
-97.1 -70.5
-70.5 -97.1
-37.1 -114.1
-0.0 -120.0
37.1 -114.1
70.5 -97.1
97.1 -70.5
114.1 -37.1
130.0 0.0
123.6 40.2
105.2 76.4
76.4 105.2
40.2 123.6
0.0 130.0
-40.2 123.6
-76.4 105.2
-105.2 76.4
-123.6 40.2
-130.0 0.0
-123.6 -40.2
-105.2 -76.4
-76.4 -105.2
-40.2 -123.6
-0.0 -130.0
40.2 -123.6
76.4 -105.2
105.2 -76.4
123.6 -40.2
140.0 0.0
133.1 43.3
113.3 82.3
82.3 113.3
43.3 133.1
0.0 140.0
-43.3 133.1
-82.3 113.3
-113.3 82.3
-133.1 43.3
-140.0 0.0
-133.1 -43.3
-113.3 -82.3
-82.3 -113.3
-43.3 -133.1
-0.0 -140.0
43.3 -133.1
82.3 -113.3
113.3 -82.3
133.1 -43.3
150.0 0.0
142.7 46.4
121.4 88.2
88.2 121.4
46.4 142.7
0.0 150.0
-46.4 142.7
-88.2 121.4
-121.4 88.2
-142.7 46.4
-150.0 0.0
-142.7 -46.4
-121.4 -88.2
-88.2 -121.4
-46.4 -142.7
-0.0 -150.0
46.4 -142.7
88.2 -121.4
121.4 -88.2
142.7 -46.4
160.0 0.0
152.2 49.4
129.4 94.0
94.0 129.4
49.4 152.2
0.0 160.0
-49.4 152.2
-94.0 129.4
-129.4 94.0
-152.2 49.4
-160.0 0.0
-152.2 -49.4
-129.4 -94.0
-94.0 -129.4
-49.4 -152.2
-0.0 -160.0
49.4 -152.2
94.0 -129.4
129.4 -94.0
152.2 -49.4
161.0 0.0
153.1 49.8
130.3 94.6
94.6 130.3
49.8 153.1
0.0 161.0
-49.8 153.1
-94.6 130.3
-130.3 94.6
-153.1 49.8
-161.0 0.0
-153.1 -49.8
-130.3 -94.6
-94.6 -130.3
-49.8 -153.1
-0.0 -161.0
49.8 -153.1
94.6 -130.3
130.3 -94.6
153.1 -49.8
163.0 0.0
155.0 50.4
131.9 95.8
95.8 131.9
50.4 155.0
0.0 163.0
-50.4 155.0
-95.8 131.9
-131.9 95.8
-155.0 50.4
-163.0 0.0
-155.0 -50.4
-131.9 -95.8
-95.8 -131.9
-50.4 -155.0
-0.0 -163.0
50.4 -155.0
95.8 -131.9
131.9 -95.8
155.0 -50.4
169.0 0.0
160.7 52.2
136.7 99.3
99.3 136.7
52.2 160.7
0.0 169.0
-52.2 160.7
-99.3 136.7
-136.7 99.3
-160.7 52.2
-169.0 0.0
-160.7 -52.2
-136.7 -99.3
-99.3 -136.7
-52.2 -160.7
-0.0 -169.0
52.2 -160.7
99.3 -136.7
136.7 -99.3
160.7 -52.2
171.0 0.0
162.6 52.8
138.3 100.5
100.5 138.3
52.8 162.6
0.0 171.0
-52.8 162.6
-100.5 138.3
-138.3 100.5
-162.6 52.8
-171.0 0.0
-162.6 -52.8
-138.3 -100.5
-100.5 -138.3
-52.8 -162.6
-0.0 -171.0
52.8 -162.6
100.5 -138.3
138.3 -100.5
162.6 -52.8
180.0 0.0
171.2 55.6
145.6 105.8
105.8 145.6
55.6 171.2
0.0 180.0
-55.6 171.2
-105.8 145.6
-145.6 105.8
-171.2 55.6
-180.0 0.0
-171.2 -55.6
-145.6 -105.8
-105.8 -145.6
-55.6 -171.2
-0.0 -180.0
55.6 -171.2
105.8 -145.6
145.6 -105.8
171.2 -55.6
200.0 0.0
190.2 61.8
161.8 117.6
117.6 161.8
61.8 190.2
0.0 200.0
-61.8 190.2
-117.6 161.8
-161.8 117.6
-190.2 61.8
-200.0 0.0
-190.2 -61.8
-161.8 -117.6
-117.6 -161.8
-61.8 -190.2
-0.0 -200.0
61.8 -190.2
117.6 -161.8
161.8 -117.6
190.2 -61.8
6.8170 1.0676
7.0146 1.0985
15.7086 2.4599
15.9062 2.4909
97.7093 15.3009
97.9069 15.3318
105.6130 16.5386
105.8106 16.5695
159.9508 25.0477
160.1483 25.0786
167.8544 26.2853
168.0520 26.3163
6.8132 1.0913
7.0107 1.1230
15.6999 2.5148
15.8974 2.5464
97.6553 15.6419
97.8528 15.6735
105.5546 16.9071
105.7521 16.9388
159.8623 25.6058
160.0598 25.6375
167.7617 26.8711
167.9591 26.9027
6.1535 3.1218
6.3318 3.2123
14.1796 7.1938
14.3580 7.2842
88.1988 44.7458
88.3772 44.8363
95.3332 48.3653
95.5116 48.4558
144.3821 73.2492
144.5604 73.3397
151.5165 76.8687
151.6948 76.9592
6.1425 3.1433
6.3206 3.2344
14.1544 7.2432
14.3325 7.3343
88.0421 45.0534
88.2201 45.1446
95.1638 48.6978
95.3418 48.7889
144.1255 73.7528
144.3035 73.8439
151.2472 77.3971
151.4252 77.4882
4.8876 4.8706
5.0293 5.0117
11.2627 11.2234
11.4043 11.3646
70.0549 69.8107
70.1965 69.9519
75.7216 75.4577
75.8632 75.5989
114.6803 114.2807
114.8219 114.4218
120.3470 119.9276
120.4887 120.0688
4.8706 4.8876
5.0117 5.0293
11.2234 11.2627
11.3646 11.4043
69.8107 70.0549
69.9519 70.1965
75.4577 75.7216
75.5989 75.8632
114.2807 114.6803
114.4218 114.8219
119.9276 120.3470
120.0688 120.4887
3.1433 6.1425
3.2344 6.3206
7.2432 14.1544
7.3343 14.3325
45.0534 88.0421
45.1446 88.2201
48.6978 95.1638
48.7889 95.3418
73.7528 144.1255
73.8439 144.3035
77.3971 151.2472
77.4882 151.4252
3.1218 6.1535
3.2123 6.3318
7.1938 14.1796
7.2842 14.3580
44.7458 88.1988
44.8363 88.3772
48.3653 95.3332
48.4558 95.5116
73.2492 144.3821
73.3397 144.5604
76.8687 151.5165
76.9592 151.6948
1.0913 6.8132
1.1230 7.0107
2.5148 15.6999
2.5464 15.8974
15.6419 97.6553
15.6735 97.8528
16.9071 105.5546
16.9388 105.7521
25.6058 159.8623
25.6375 160.0598
26.8711 167.7617
26.9027 167.9591
1.0676 6.8170
1.0985 7.0146
2.4599 15.7086
2.4909 15.9062
15.3009 97.7093
15.3318 97.9069
16.5386 105.6130
16.5695 105.8106
25.0477 159.9508
25.0786 160.1483
26.2853 167.8544
26.3163 168.0520
-1.0675 6.8170
-1.0984 7.0146
-2.4598 15.7086
-2.4908 15.9062
-15.3008 97.7093
-15.3317 97.9069
-16.5385 105.6130
-16.5694 105.8106
-25.0476 159.9508
-25.0785 160.1483
-26.2852 167.8544
-26.3162 168.0520
-1.0912 6.8132
-1.1229 7.0107
-2.5147 15.6999
-2.5463 15.8974
-15.6418 97.6553
-15.6734 97.8528
-16.9070 105.5546
-16.9387 105.7521
-25.6057 159.8623
-25.6374 160.0598
-26.8710 167.7617
-26.9026 167.9591
-3.1217 6.1535
-3.2122 6.3318
-7.1937 14.1796
-7.2841 14.3580
-44.7457 88.1988
-44.8362 88.3772
-48.3652 95.3332
-48.4557 95.5116
-73.2491 144.3821
-73.3396 144.5604
-76.8686 151.5165
-76.9591 151.6948
-3.1432 6.1425
-3.2343 6.3206
-7.2431 14.1544
-7.3342 14.3325
-45.0533 88.0421
-45.1445 88.2201
-48.6977 95.1638
-48.7888 95.3418
-73.7527 144.1255
-73.8438 144.3035
-77.3970 151.2472
-77.4881 151.4252
-4.8705 4.8876
-5.0116 5.0293
-11.2233 11.2627
-11.3645 11.4043
-69.8106 70.0549
-69.9518 70.1965
-75.4576 75.7216
-75.5988 75.8632
-114.2806 114.6803
-114.4217 114.8219
-119.9275 120.3470
-120.0687 120.4887
-4.8875 4.8706
-5.0292 5.0117
-11.2626 11.2234
-11.4042 11.3646
-70.0548 69.8107
-70.1964 69.9519
-75.7215 75.4577
-75.8631 75.5989
-114.6802 114.2807
-114.8218 114.4218
-120.3469 119.9276
-120.4886 120.0688
-6.1424 3.1433
-6.3205 3.2344
-14.1543 7.2432
-14.3324 7.3343
-88.0420 45.0534
-88.2200 45.1446
-95.1637 48.6978
-95.3417 48.7889
-144.1254 73.7528
-144.3034 73.8439
-151.2471 77.3971
-151.4251 77.4882
-6.1534 3.1218
-6.3317 3.2123
-14.1795 7.1938
-14.3579 7.2842
-88.1987 44.7458
-88.3771 44.8363
-95.3331 48.3653
-95.5115 48.4558
-144.3820 73.2492
-144.5603 73.3397
-151.5164 76.8687
-151.6947 76.9592
-6.8131 1.0913
-7.0106 1.1230
-15.6998 2.5148
-15.8973 2.5464
-97.6552 15.6419
-97.8527 15.6735
-105.5545 16.9071
-105.7520 16.9388
-159.8622 25.6058
-160.0597 25.6375
-167.7616 26.8711
-167.9590 26.9027
-6.8169 1.0676
-7.0145 1.0985
-15.7085 2.4599
-15.9061 2.4909
-97.7092 15.3009
-97.9068 15.3318
-105.6129 16.5386
-105.8105 16.5695
-159.9507 25.0477
-160.1482 25.0786
-167.8543 26.2853
-168.0519 26.3163
-6.8169 -1.0675
-7.0145 -1.0984
-15.7085 -2.4598
-15.9061 -2.4908
-97.7092 -15.3008
-97.9068 -15.3317
-105.6129 -16.5385
-105.8105 -16.5694
-159.9507 -25.0476
-160.1482 -25.0785
-167.8543 -26.2852
-168.0519 -26.3162
-6.8131 -1.0912
-7.0106 -1.1229
-15.6998 -2.5147
-15.8973 -2.5463
-97.6552 -15.6418
-97.8527 -15.6734
-105.5545 -16.9070
-105.7520 -16.9387
-159.8622 -25.6057
-160.0597 -25.6374
-167.7616 -26.8710
-167.9590 -26.9026
-6.1534 -3.1217
-6.3317 -3.2122
-14.1795 -7.1937
-14.3579 -7.2841
-88.1987 -44.7457
-88.3771 -44.8362
-95.3331 -48.3652
-95.5115 -48.4557
-144.3820 -73.2491
-144.5603 -73.3396
-151.5164 -76.8686
-151.6947 -76.9591
-6.1424 -3.1432
-6.3205 -3.2343
-14.1543 -7.2431
-14.3324 -7.3342
-88.0420 -45.0533
-88.2200 -45.1445
-95.1637 -48.6977
-95.3417 -48.7888
-144.1254 -73.7527
-144.3034 -73.8438
-151.2471 -77.3970
-151.4251 -77.4881
-4.8875 -4.8705
-5.0292 -5.0116
-11.2626 -11.2233
-11.4042 -11.3645
-70.0548 -69.8106
-70.1964 -69.9518
-75.7215 -75.4576
-75.8631 -75.5988
-114.6802 -114.2806
-114.8218 -114.4217
-120.3469 -119.9275
-120.4886 -120.0687
-4.8705 -4.8875
-5.0116 -5.0292
-11.2233 -11.2626
-11.3645 -11.4042
-69.8106 -70.0548
-69.9518 -70.1964
-75.4576 -75.7215
-75.5988 -75.8631
-114.2806 -114.6802
-114.4217 -114.8218
-119.9275 -120.3469
-120.0687 -120.4886
-3.1432 -6.1424
-3.2343 -6.3205
-7.2431 -14.1543
-7.3342 -14.3324
-45.0533 -88.0420
-45.1445 -88.2200
-48.6977 -95.1637
-48.7888 -95.3417
-73.7527 -144.1254
-73.8438 -144.3034
-77.3970 -151.2471
-77.4881 -151.4251
-3.1217 -6.1534
-3.2122 -6.3317
-7.1937 -14.1795
-7.2841 -14.3579
-44.7457 -88.1987
-44.8362 -88.3771
-48.3652 -95.3331
-48.4557 -95.5115
-73.2491 -144.3820
-73.3396 -144.5603
-76.8686 -151.5164
-76.9591 -151.6947
-1.0912 -6.8131
-1.1229 -7.0106
-2.5147 -15.6998
-2.5463 -15.8973
-15.6418 -97.6552
-15.6734 -97.8527
-16.9070 -105.5545
-16.9387 -105.7520
-25.6057 -159.8622
-25.6374 -160.0597
-26.8710 -167.7616
-26.9026 -167.9590
-1.0675 -6.8169
-1.0984 -7.0145
-2.4598 -15.7085
-2.4908 -15.9061
-15.3008 -97.7092
-15.3317 -97.9068
-16.5385 -105.6129
-16.5694 -105.8105
-25.0476 -159.9507
-25.0785 -160.1482
-26.2852 -167.8543
-26.3162 -168.0519
1.0676 -6.8169
1.0985 -7.0145
2.4599 -15.7085
2.4909 -15.9061
15.3009 -97.7092
15.3318 -97.9068
16.5386 -105.6129
16.5695 -105.8105
25.0477 -159.9507
25.0786 -160.1482
26.2853 -167.8543
26.3163 -168.0519
1.0913 -6.8131
1.1230 -7.0106
2.5148 -15.6998
2.5464 -15.8973
15.6419 -97.6552
15.6735 -97.8527
16.9071 -105.5545
16.9388 -105.7520
25.6058 -159.8622
25.6375 -160.0597
26.8711 -167.7616
26.9027 -167.9590
3.1218 -6.1534
3.2123 -6.3317
7.1938 -14.1795
7.2842 -14.3579
44.7458 -88.1987
44.8363 -88.3771
48.3653 -95.3331
48.4558 -95.5115
73.2492 -144.3820
73.3397 -144.5603
76.8687 -151.5164
76.9592 -151.6947
3.1433 -6.1424
3.2344 -6.3205
7.2432 -14.1543
7.3343 -14.3324
45.0534 -88.0420
45.1446 -88.2200
48.6978 -95.1637
48.7889 -95.3417
73.7528 -144.1254
73.8439 -144.3034
77.3971 -151.2471
77.4882 -151.4251
4.8706 -4.8875
5.0117 -5.0292
11.2234 -11.2626
11.3646 -11.4042
69.8107 -70.0548
69.9519 -70.1964
75.4577 -75.7215
75.5989 -75.8631
114.2807 -114.6802
114.4218 -114.8218
119.9276 -120.3469
120.0688 -120.4886
4.8876 -4.8705
5.0293 -5.0116
11.2627 -11.2233
11.4043 -11.3645
70.0549 -69.8106
70.1965 -69.9518
75.7216 -75.4576
75.8632 -75.5988
114.6803 -114.2806
114.8219 -114.4217
120.3470 -119.9275
120.4887 -120.0687
6.1425 -3.1432
6.3206 -3.2343
14.1544 -7.2431
14.3325 -7.3342
88.0421 -45.0533
88.2201 -45.1445
95.1638 -48.6977
95.3418 -48.7888
144.1255 -73.7527
144.3035 -73.8438
151.2472 -77.3970
151.4252 -77.4881
6.1535 -3.1217
6.3318 -3.2122
14.1796 -7.1937
14.3580 -7.2841
88.1988 -44.7457
88.3772 -44.8362
95.3332 -48.3652
95.5116 -48.4557
144.3821 -73.2491
144.5604 -73.3396
151.5165 -76.8686
151.6948 -76.9591
6.8132 -1.0912
7.0107 -1.1229
15.6999 -2.5147
15.8974 -2.5463
97.6553 -15.6418
97.8528 -15.6734
105.5546 -16.9070
105.7521 -16.9387
159.8623 -25.6057
160.0598 -25.6374
167.7617 -26.8710
167.9591 -26.9026
6.8170 -1.0675
7.0146 -1.0984
15.7086 -2.4598
15.9062 -2.4908
97.7093 -15.3008
97.9069 -15.3317
105.6130 -16.5385
105.8106 -16.5694
159.9508 -25.0476
160.1483 -25.0785
167.8544 -26.2852
168.0520 -26.3162
