1 1 3.1
1 1 3.14
1 1 3.2
1 2 6.2
1 2 6.28
1 2 6.3
1 3 9.4
1 3 9.42
1 3 9.5
1 4 12.5
1 4 12.56
1 4 12.6
1 5 15.6
1 5 15.7
1 5 15.8
2 1 6.29
2 1 6.28
2 1 6.27
2 2 12.57
2 2 12.56
2 2 12.55
2 3 18.85
2 3 18.84
2 3 18.83
2 4 25.13
2 4 25.12
2 4 25.11
2 5 31.41
2 5 31.4
2 5 31.39
3 1 9.419
3 1 9.42
3 1 9.421
3 2 18.839
3 2 18.84
3 2 18.841
3 3 28.259
3 3 28.26
3 3 28.261
3 4 37.679
3 4 37.68
3 4 37.681
3 5 47.099
3 5 47.1
3 5 47.101
4 1 12.5601
4 1 12.56
4 1 12.5599
4 2 25.1201
4 2 25.12
4 2 25.1199
4 3 37.6801
4 3 37.68
4 3 37.6799
4 4 50.2401
4 4 50.24
4 4 50.2399
4 5 62.8001
4 5 62.8
4 5 62.7999
5 1 15.69999
5 1 15.7 
5 1 15.70001 
5 2 31.39999
5 2 31.4
5 2 31.40001
5 3 47.09999
5 3 47.1
5 3 47.10001
5 4 62.79999
5 4 62.8
5 4 62.80001
5 5 78.49999
5 5 78.5
5 5 78.50001
0 0 0.0
