20
30
2
40
5
6123
1000
4
1000
123
10
40
10
1
2
5
5
0
1
1
0
0
1
1
1
1
1
1
1
0
10
2
5
5
0
10
2
4
5
100000
100000
10
10000
10000
10000
10000
10000
10000
10000
10000
10000
10000
100000
100000
20
10000
10000
10000
10000
10000
10000
10000
10000
10000
10000
10000
10000
10000
10000
10000
10000
10000
10000
10000
10000
100000
1
10
10000
10000
10000
10000
10000
10000
10000
10000
10000
10000
100000
1
10
10000
10000
10000
10000
10000
10000
10000
10000
10000
10001
2000
3000
2
4000
550
612354
100034
4
100000
12324
1001
4000
1000000
1000000
1
100
100
0
3
40
45
15
100
50
5
50
30
10
10
40
214
15
5
64
100
30
20
1
0
11
10
1
1
1
1
1
1
1
1
1
1
348373
183834
10
4383
32983
38389
38
3933
99999
20
99
393
7398
12839
74834
9
39383
3839
8745
8484
40
398
20930
1024
101
0
0
0
